[app/ui]
version = 6.3.0
modtime = 1443285453.899966000

[app/launcher]
version = 6.3.0
modtime = 1443285453.901941000
